1
1
1
1
1
1
1
1
1
1
1
1
1
1
1
1
1
1
1
1
1
1
1
1
1
1
1
1
1
1
1
1
1
1
1
1
1
1
1
1
1
1
1
1
1
1
1
1
1
1
1
1
1
1
1
1
1
1
1
1
1
1
1
1
1
1
1
1
1
1
1
1
1
1
1
1
1
1
1
1
1
1
1
1
1
1
1
1
1
1
1
1
1
1
1
1
1
1
1
1
1
1
1
1
1
1
1
1
1
1
1
1
1
1
1
1
1
1
1
1
1
1
1
1
1
1
1
1
1
1
1
1
1
1
1
1
1
1
1
1
1
1
1
1
1
1
1
1
1
1
1
1
1
1
1
1
1
1
1
1
1
1
1
1
1
1
1
1
1
1
1
1
1
1
1
1
1
1
1
1
1
1
1
1
1
1
1
1
1
1
1
1
1
1
1
1
1
1
1
1
1
1
1
1
1
1
1
1
1
1
1
1
1
1
1
1
1
1
1
1
1
1
1
1
1
1
1
1
1
1
1
1
1
1
1
1
1
1
1
1
1
1
1
1
1
1
1
1
1
1
1
1
1
1
1
1
1
1
1
1
1
1
1
1
1
1
1
1
1
1
1
1
1
1
1
1
1
1
1
1
1
1
1
1
1
1
1
1
1
1
1
1
1
1
1
1
1
1
1
1
1
1
1
1
1
1
1
1
1
1
1
1
1
1
1
1
1
1
1
1
1
1
1
1
1
1
1
1
1
1
1
1
1
1
1
1
1
1
1
1
1
1
1
1
1
1
1
1
1
1
1
1
1
1
1
1
1
1
1
1
1
1
1
1
1
1
1
1
1
1
1
1
1
1
1
1
1
1
1
1
1
1
1
1
1
1
1
1
1
1
1
1
1
1
1
1
1
1
1
1
1
1
1
1
1
1
1
1
1
1
1
1
1
1
1
1
1
1
1
1
1
1
1
1
1
1
1
1
1
1
1
1
1
1
1
1
1
1
1
1
1
1
1
1
1
1
1
1
1
1
1
1
1
1
1
1
1
1
1
1
1
1
1
1
1
1
1
1
1
1
1
1
1
1
1
1
1
1
1
1
1
1
1
1
1
1
1
1
1
1
1
1
1
1
1
1
1
1
1
1
1
1
1
1
1
1
1
1
1
1
1
1
0.999708
0.998834
0.99738
0.995349
0.992745
0.989574
0.985844
0.981563
0.97674
0.971387
0.965515
0.959137
0.952268
0.944921
0.937114
0.928863
0.920186
0.911101
0.901627
0.891784
0.881592
0.871072
0.860245
0.849133
0.837757
0.826139
0.814301
0.802266
0.790055
0.777692
0.765197
0.752592
0.739899
0.72714
0.714334
0.701503
0.688666
0.675842
0.663051
0.65031
0.637637
0.62505
0.612563
0.600194
0.587955
0.575862
0.563927
0.552162
0.54058
0.52919
0.518004
0.507028
0.496273
0.485745
0.475451
0.465397
0.455587
0.446027
0.436719
0.427667
0.418873
0.410337
0.402062
0.394047
0.386291
0.378795
0.371556
0.364572
0.357842
0.351361
0.345128
0.339138
0.333387
0.327871
0.322586
0.317526
0.312686
0.308062
0.303647
0.299436
0.295423
0.291603
0.287969
0.284516
0.281237
0.278126
0.275179
0.272387
0.269747
0.26725
0.264893
0.262669
0.260572
0.258596
0.256737
0.25499
0.253348
0.251806
0.250361
0.249007
0.247738
0.246552
0.245444
0.244409
0.243443
0.242542
0.241704
0.240923
0.240197
0.239523
0.238897
0.238316
0.237778
0.23728
0.236819
0.236393
0.236
0.235636
0.235302
0.234993
0.234709
0.234448
0.234208
0.233987
0.233785
0.233599
0.233429
0.233274
0.233132
0.233002
0.232883
0.232775
0.232676
0.232586
0.232504
0.23243
0.232362
0.232301
0.232245
0.232195
0.232149
0.232108
0.232071
0.232037
0.232006
0.231979
0.231954
0.231932
0.231912
0.231894
0.231877
0.231863
0.23185
0.231838
0.231828
0.231818
0.23181
0.231802
0.231796
0.23179
0.231784
0.23178
0.231775
0.231772
0.231768
0.231765
0.231763
0.231761
0.231758
0.231757
0.231755
0.231754
0.231752
0.231751
0.23175
0.231749
0.231749
0.231748
0.231747
0.231747
0.231746
0.231746
0.231746
0.231745
0.231745
0.231745
0.231745
0.231745
0.231744
0.231744
0.231744
0.231744
0.231744
0.231744
0.231744
0.231744
0.231744
0.231744
0.231744
0.231744
0.231744
0.231744
0.231744
0.231743
0.231743
0.231743
0.231743
0.231743
0.231743
0.231743
0.231743
0.231743
0.231743
0.231743
0.231743
0.231743
0.231743
0.231743
0.231743
0.231743
0.231743
0.231743
0.231743
0.231743
0.231743
0.231743
0.231743
0.231743
0.231743
0.231743
0.231743
0.231743
0.231743
0.231743
0.231743
0.231743
0.231743
0.231743
0.231743
0.231743
0.231743
0.231743
0.231743
0.231743
0.231743
0.231743
0.231743
0.231743
0.231743
0.231743
0.231743
0.231743
0.231743
0.231743
0.231743
0.231743
0.231743
0.231743
0.231743
0.231743
0.231743
0.231743
0.231743
0.231743
0.231743
0.231743
0.231743
0.231743
0.231743
0.231743
0.231743
0.231743
0.231743
0.231743
0.231743
0.231743
0.231743
0.231743
0.231743
0.231743
0.231743
0.231743
0.231743
0.231743
0.231743
0.231743
0.231743
0.231743
0.231743
0.231743
0.231743
0.231743
0.231743
0.231743
0.231743
0.231743
0.231743
0.231743
0.231743
0.231743
0.231743
0.231743
0.231743
0.231743
0.231743
0.231743
0.231743
0.231743
0.231743
0.231743
0.231743
0.231743
0.231743
0.231743
0.231743
0.231743
0.231743
0.231743
0.231743
0.231743
0.231743
0.231743
0.231743
0.231743
0.231743
0.231743
0.231743
0.231743
0.231743
0.231743
0.231743
0.231743
0.231743
0.231743
0.231743
0.231743
0.231743
0.231743
0.231743
0.231743
0.231743
0.231743
0.231743
0.231743
0.231743
0.231743
0.231743
0.231743
0.231743
0.231743
0.231743
0.231743
0.231743
0.231743
0.231743
0.231743
0.231743
0.231743
0.231743
0.231743
0.231743
0.231743
0.231743
0.231743
0.231743
0.231743
0.231743
0.231743
0.231743
0.231743
0.231743
0.231743
0.231743
0.231743
0.231743
0.231743
0.231743
0.231743
0.231743
0.231743
0.231743
0.231743
0.231743
0.231743
0.231743
0.231743
0.231743
0.231743
0.231743
0.231743
0.231743
0.231743
0.231743
0.231743
0.231743
0.231743
0.231743
0.231743
0.231743
0.231743
0.231743
0.231743
0.231743
0.231743
0.231743
0.231743
0.231743
0.231743
0.231743
0.231743
0.231743
0.231743
0.231743
0.231743
0.231743
0.231743
0.231743
0.231743
0.231743
0.231743
0.231743
0.231743
0.231743
0.231743
0.231743
0.231743
0.231743
0.231743
0.231743
0.231743
0.231743
0.231743
0.231743
0.231743
0.231743
0.231743
0.231743
0.231743
0.231743
0.231743
0.231743
0.231743
0.231743
0.231743
0.231743
0.231743
0.231743
0.231743
0.231743
0.231743
0.231743
0.231743
0.231743
0.231743
0.231743
0.231743
0.231743
0.231743
0.231743
0.231743
0.231743
0.231743
0.231743
0.231743
0.231743
0.231743
0.231743
0.231743
0.231743
0.231743
0.231743
0.231743
0.231743
0.231743
0.231743
0.231743
0.231743
0.231743
0.231743
0.231743
0.231743
0.231743
0.231743
0.231743
0.231743
0.231743
0.231743
0.231743
0.231743
0.231743
0.231743
0.231743
0.231743
0.231743
0.231743
0.231743
0.231743
0.231743
0.231743
0.231743
0.231743
0.231743
0.231743
0.231743
0.231743
0.231743
0.231743
0.231743
0.231743
0.231743
0.231743
0.231743
0.231743
0.231743
0.231743
0.231743
0.231743
0.231743
0.231743
0.231743
0.231743
0.231743
0.231743
0.231743
0.231743
0.231743
0.231743
0.231743
0.231743
0.231743
0.231743
0.231743
0.231743
0.231743
0.231743
0.231743
0.231743
0.231743
0.231743
0.231743
0.231743
0.231743
0.231743
0.231743
0.231743
0.231743
0.231743
0.231743
0.231743
0.231743
0.231743
0.231743
0.231743
0.231743
0.231743
0.231743
0.231743
0.231743
0.231743
0.231743
0.231743
0.231743
0.231743
0.231743
0.231743
0.231743
0.231743
0.231743
0.231743
0.231743
0.231743
0.231743
0.231743
0.231743
0.231743
0.231743
0.231743
0.231743
0.231743
0.231743
0.231743
0.231743
0.231743
0.231743
0.231743
0.231743
0.231743
0.231743
0.231743
0.231743
0.231743
0.231743
0.231743
0.231743
0.231743
0.231743
0.231743
0.231743
0.231743
0.231743
0.231743
0.231743
0.231743
0.231743
0.231743
0.231743
0.231743
0.231743
0.231743
0.231743
0.231743
0.231743
0.231743
0.231743
0.231743
0.231743
0.231743
0.231743
0.231743
0.231743
0.231743
0.231743
0.231743
0.231743
0.231743
0.231743
0.231743
0.231743
0.231743
0.231743
0.231743
0.231743
0.231743
0.231743
0.231743
0.231743
0.231743
0.231743
0.231743
0.231743
0.231743
0.231743
0.231743
0.231743
0.231743
0.231743
0.231743
0.231743
0.231743
0.231743
0.231743
0.231743
0.231743
0.231743
0.231743
0.231743
0.231743
0.231743
0.231743
0.231743
0.231743
0.231743
0.231743
0.231743
0.231743
0.231743
0.231743
0.231743
0.231743
0.231743
0.231743
0.231743
0.231743
0.231743
0.231743
0.231743
0.231743
0.231743
0.231743
0.231743
0.231743
0.231743
0.231743
0.231743
0.231743
0.231743
0.231743
0.231743
0.231743
0.231743
0.231743
0.231743
0.231743
0.231743
0.231743
0.231743
0.231743
0.231743
0.231743
0.231743
0.231743
0.231743
0.231743
0.231743
0.231743
0.231743
0.231743
0.231743
0.231743
0.231743
0.231743
0.231743
0.231743
0.231743
0.231743
0.231743
0.231743
0.231743
0.231743
0.231743
0.231743
0.231743
0.231743
0.231743
0.231743
0.231743
0.231743
0.231743
0.231743
0.231743
0.231743
0.231743
0.231743
0.231743
0.231743
0.231743
0.231743
0.231743
0.231743
0.231743
0.231743
0.231743
0.231743
0.231743
0.231743
0.231743
0.231743
0.231743
0.231743
0.231743
0.231743
0.231743
0.231743
0.231743
0.231743
0.231743
0.231743
0.231743
0.231743
0.231743
0.231743
0.231743
0.231743
0.231743
0.231743
0.231743
0.231743
0.231743
0.231743
0.231743
0.231743
0.231743
0.231743
0.231743
0.231743
0.231743
0.231743
0.231743
0.231743
0.231743
0.231743
0.231743
0.231743
0.231743
0.231743
0.231743
0.231743
0.231743
0.231743
0.231743
0.231743
0.231743
0.231743
0.231743
0.231743
0.231743
0.231743
0.231743
0.231743
0.231743
0.231743
0.231743
0.231743
0.231743
0.231743
0.231743
0.231743
0.231743
0.231743
0.231743
0.231743
0.231743
0.231743
0.231743
0.231743
0.231743
0.231743
0.231743
0.231743
0.231743
0.231744
0.231744
0.231744
0.231744
0.231744
0.231744
0.231744
0.231744
0.231744
0.231744
0.231744
0.231744
0.231744
0.231744
0.231744
0.231745
0.231745
0.231745
0.231745
0.231745
0.231746
0.231746
0.231746
0.231747
0.231747
0.231748
0.231749
0.231749
0.23175
0.231751
0.231752
0.231754
0.231755
0.231757
0.231758
0.231761
0.231763
0.231765
0.231768
0.231772
0.231775
0.23178
0.231784
0.23179
0.231796
0.231802
0.23181
0.231818
0.231828
0.231838
0.23185
0.231863
0.231877
0.231894
0.231912
0.231932
0.231954
0.231979
0.232006
0.232037
0.232071
0.232108
0.232149
0.232195
0.232245
0.232301
0.232362
0.23243
0.232504
0.232586
0.232676
0.232775
0.232883
0.233002
0.233132
0.233274
0.233429
0.233599
0.233785
0.233987
0.234208
0.234448
0.234709
0.234993
0.235302
0.235636
0.236
0.236393
0.236819
0.23728
0.237778
0.238316
0.238897
0.239523
0.240197
0.240923
0.241704
0.242542
0.243443
0.244409
0.245444
0.246552
0.247738
0.249007
0.250361
0.251806
0.253348
0.25499
0.256737
0.258596
0.260572
0.262669
0.264893
0.26725
0.269747
0.272387
0.275179
0.278126
0.281237
0.284516
0.287969
0.291603
0.295423
0.299436
0.303647
0.308062
0.312686
0.317526
0.322586
0.327871
0.333387
0.339138
0.345128
0.351361
0.357842
0.364572
0.371556
0.378795
0.386291
0.394047
0.402062
0.410337
0.418873
0.427667
0.436719
0.446027
0.455587
0.465397
0.475451
0.485745
0.496273
0.507028
0.518004
0.52919
0.54058
0.552162
0.563927
0.575862
0.587955
0.600194
0.612563
0.62505
0.637637
0.65031
0.663051
0.675842
0.688666
0.701503
0.714334
0.72714
0.739899
0.752592
0.765197
0.777692
0.790055
0.802266
0.814301
0.826139
0.837757
0.849133
0.860245
0.871072
0.881592
0.891784
0.901627
0.911101
0.920186
0.928863
0.937114
0.944921
0.952268
0.959137
0.965515
0.971387
0.97674
0.981563
0.985844
0.989574
0.992745
0.995349
0.99738
0.998834
0.999708
0.999708
0.998834
0.99738
0.995349
0.992745
0.989574
0.985844
0.981563
0.97674
0.971387
0.965515
0.959137
0.952268
0.944921
0.937114
0.928863
0.920186
0.911101
0.901627
0.891784
0.881592
0.871072
0.860245
0.849133
0.837757
0.826139
0.814301
0.802266
0.790055
0.777692
0.765197
0.752592
0.739899
0.72714
0.714334
0.701503
0.688666
0.675842
0.663051
0.65031
0.637637
0.62505
0.612563
0.600194
0.587955
0.575862
0.563927
0.552162
0.54058
0.52919
0.518004
0.507028
0.496273
0.485745
0.475451
0.465397
0.455587
0.446027
0.436719
0.427667
0.418873
0.410337
0.402062
0.394047
0.386291
0.378795
0.371556
0.364572
0.357842
0.351361
0.345128
0.339138
0.333387
0.327871
0.322586
0.317526
0.312686
0.308062
0.303647
0.299436
0.295423
0.291603
0.287969
0.284516
0.281237
0.278126
0.275179
0.272387
0.269747
0.26725
0.264893
0.262669
0.260572
0.258596
0.256737
0.25499
0.253348
0.251806
0.250361
0.249007
0.247738
0.246552
0.245444
0.244409
0.243443
0.242542
0.241704
0.240923
0.240197
0.239523
0.238897
0.238316
0.237778
0.23728
0.236819
0.236393
0.236
0.235636
0.235302
0.234993
0.234709
0.234448
0.234208
0.233987
0.233785
0.233599
0.233429
0.233274
0.233132
0.233002
0.232883
0.232775
0.232676
0.232586
0.232504
0.23243
0.232362
0.232301
0.232245
0.232195
0.232149
0.232108
0.232071
0.232037
0.232006
0.231979
0.231954
0.231932
0.231912
0.231894
0.231877
0.231863
0.23185
0.231838
0.231828
0.231818
0.23181
0.231802
0.231796
0.23179
0.231784
0.23178
0.231775
0.231772
0.231768
0.231765
0.231763
0.231761
0.231758
0.231757
0.231755
0.231754
0.231752
0.231751
0.23175
0.231749
0.231749
0.231748
0.231747
0.231747
0.231746
0.231746
0.231746
0.231745
0.231745
0.231745
0.231745
0.231745
0.231744
0.231744
0.231744
0.231744
0.231744
0.231744
0.231744
0.231744
0.231744
0.231744
0.231744
0.231744
0.231744
0.231744
0.231744
0.231743
0.231743
0.231743
0.231743
0.231743
0.231743
0.231743
0.231743
0.231743
0.231743
0.231743
0.231743
0.231743
0.231743
0.231743
0.231743
0.231743
0.231743
0.231743
0.231743
0.231743
0.231743
0.231743
0.231743
0.231743
0.231743
0.231743
0.231743
0.231743
0.231743
0.231743
0.231743
0.231743
0.231743
0.231743
0.231743
0.231743
0.231743
0.231743
0.231743
0.231743
0.231743
0.231743
0.231743
0.231743
0.231743
0.231743
0.231743
0.231743
0.231743
0.231743
0.231743
0.231743
0.231743
0.231743
0.231743
0.231743
0.231743
0.231743
0.231743
0.231743
0.231743
0.231743
0.231743
0.231743
0.231743
0.231743
0.231743
0.231743
0.231743
0.231743
0.231743
0.231743
0.231743
0.231743
0.231743
0.231743
0.231743
0.231743
0.231743
0.231743
0.231743
0.231743
0.231743
0.231743
0.231743
0.231743
0.231743
0.231743
0.231743
0.231743
0.231743
0.231743
0.231743
0.231743
0.231743
0.231743
0.231743
0.231743
0.231743
0.231743
0.231743
0.231743
0.231743
0.231743
0.231743
0.231743
0.231743
0.231743
0.231743
0.231743
0.231743
0.231743
0.231743
0.231743
0.231743
0.231743
0.231743
0.231743
0.231743
0.231743
0.231743
0.231743
0.231743
0.231743
0.231743
0.231743
0.231743
0.231743
0.231743
0.231743
0.231743
0.231743
0.231743
0.231743
0.231743
0.231743
0.231743
0.231743
0.231743
0.231743
0.231743
0.231743
0.231743
0.231743
0.231743
0.231743
0.231743
0.231743
0.231743
0.231743
0.231743
0.231743
0.231743
0.231743
0.231743
0.231743
0.231743
0.231743
0.231743
0.231743
0.231743
0.231743
0.231743
0.231743
0.231743
0.231743
0.231743
0.231743
0.231743
0.231743
0.231743
0.231743
0.231743
0.231743
0.231743
0.231743
0.231743
0.231743
0.231743
0.231743
0.231743
0.231743
0.231743
0.231743
0.231743
0.231743
0.231743
0.231743
0.231743
0.231743
0.231743
0.231743
0.231743
0.231743
0.231743
0.231743
0.231743
0.231743
0.231743
0.231743
0.231743
0.231743
0.231743
0.231743
0.231743
0.231743
0.231743
0.231743
0.231743
0.231743
0.231743
0.231743
0.231743
0.231743
0.231743
0.231743
0.231743
0.231743
0.231743
0.231743
0.231743
0.231743
0.231743
0.231743
0.231743
0.231743
0.231743
0.231743
0.231743
0.231743
0.231743
0.231743
0.231743
0.231743
0.231743
0.231743
0.231743
0.231743
0.231743
0.231743
0.231743
0.231743
0.231743
0.231743
0.231743
0.231743
0.231743
0.231743
0.231743
0.231743
0.231743
0.231743
0.231743
0.231743
0.231743
0.231743
0.231743
0.231743
0.231743
0.231743
0.231743
0.231743
0.231743
0.231743
0.231743
0.231743
0.231743
0.231743
0.231743
0.231743
0.231743
0.231743
0.231743
0.231743
0.231743
0.231743
0.231743
0.231743
0.231743
0.231743
0.231743
0.231743
0.231743
0.231743
0.231743
0.231743
0.231743
0.231743
0.231743
0.231743
0.231743
0.231743
0.231743
0.231743
0.231743
0.231743
0.231743
0.231743
0.231743
0.231743
0.231743
0.231743
0.231743
0.231743
0.231743
0.231743
0.231743
0.231743
0.231743
0.231743
0.231743
0.231743
0.231743
0.231743
0.231743
0.231743
0.231743
0.231743
0.231743
0.231743
0.231743
0.231743
0.231743
0.231743
0.231743
0.231743
0.231743
0.231743
0.231743
0.231743
0.231743
0.231743
0.231743
0.231743
0.231743
0.231743
0.231743
0.231743
0.231743
0.231743
0.231743
0.231743
0.231743
0.231743
0.231743
0.231743
0.231743
0.231743
0.231743
0.231743
0.231743
0.231743
0.231743
0.231743
0.231743
0.231743
0.231743
0.231743
0.231743
0.231743
0.231743
0.231743
0.231743
0.231743
0.231743
0.231743
0.231743
0.231743
0.231743
0.231743
0.231743
0.231743
0.231743
0.231743
0.231743
0.231743
0.231743
0.231743
0.231743
0.231743
0.231743
0.231743
0.231743
0.231743
0.231743
0.231743
0.231743
0.231743
0.231743
0.231743
0.231743
0.231743
0.231743
0.231743
0.231743
0.231743
0.231743
0.231743
0.231743
0.231743
0.231743
0.231743
0.231743
0.231743
0.231743
0.231743
0.231743
0.231743
0.231743
0.231743
0.231743
0.231743
0.231743
0.231743
0.231743
0.231743
0.231743
0.231743
0.231743
0.231743
0.231743
0.231743
0.231743
0.231743
0.231743
0.231743
0.231743
0.231743
0.231743
0.231743
0.231743
0.231743
0.231743
0.231743
0.231743
0.231743
0.231743
0.231743
0.231743
0.231743
0.231743
0.231743
0.231743
0.231743
0.231743
0.231743
0.231743
0.231743
0.231743
0.231743
0.231743
0.231743
0.231743
0.231743
0.231743
0.231743
0.231743
0.231743
0.231743
0.231743
0.231743
0.231743
0.231743
0.231743
0.231743
0.231743
0.231743
0.231743
0.231743
0.231743
0.231743
0.231743
0.231743
0.231743
0.231743
0.231743
0.231743
0.231743
0.231743
0.231743
0.231743
0.231743
0.231743
0.231743
0.231743
0.231743
0.231743
0.231743
0.231743
0.231743
0.231743
0.231743
0.231743
0.231743
0.231743
0.231743
0.231743
0.231743
0.231743
0.231743
0.231743
0.231743
0.231743
0.231743
0.231743
0.231743
0.231743
0.231743
0.231743
0.231743
0.231743
0.231743
0.231743
0.231743
0.231743
0.231743
0.231743
0.231743
0.231743
0.231743
0.231743
0.231743
0.231743
0.231743
0.231743
0.231743
0.231743
0.231743
0.231743
0.231743
0.231743
0.231743
0.231743
0.231743
0.231743
0.231743
0.231743
0.231743
0.231743
0.231743
0.231743
0.231743
0.231743
0.231743
0.231743
0.231743
0.231743
0.231743
0.231743
0.231743
0.231743
0.231743
0.231743
0.231743
0.231743
0.231743
0.231743
0.231743
0.231743
0.231743
0.231743
0.231743
0.231743
0.231743
0.231743
0.231743
0.231743
0.231743
0.231743
0.231743
0.231743
0.231743
0.231743
0.231743
0.231743
0.231743
0.231743
0.231743
0.231743
0.231743
0.231743
0.231743
0.231743
0.231743
0.231743
0.231743
0.231743
0.231743
0.231743
0.231743
0.231743
0.231743
0.231743
0.231743
0.231743
0.231743
0.231743
0.231743
0.231743
0.231743
0.231743
0.231743
0.231743
0.231743
0.231743
0.231743
0.231743
0.231743
0.231743
0.231743
0.231743
0.231743
0.231743
0.231743
0.231743
0.231743
0.231744
0.231744
0.231744
0.231744
0.231744
0.231744
0.231744
0.231744
0.231744
0.231744
0.231744
0.231744
0.231744
0.231744
0.231744
0.231745
0.231745
0.231745
0.231745
0.231745
0.231746
0.231746
0.231746
0.231747
0.231747
0.231748
0.231749
0.231749
0.23175
0.231751
0.231752
0.231754
0.231755
0.231757
0.231758
0.231761
0.231763
0.231765
0.231768
0.231772
0.231775
0.23178
0.231784
0.23179
0.231796
0.231802
0.23181
0.231818
0.231828
0.231838
0.23185
0.231863
0.231877
0.231894
0.231912
0.231932
0.231954
0.231979
0.232006
0.232037
0.232071
0.232108
0.232149
0.232195
0.232245
0.232301
0.232362
0.23243
0.232504
0.232586
0.232676
0.232775
0.232883
0.233002
0.233132
0.233274
0.233429
0.233599
0.233785
0.233987
0.234208
0.234448
0.234709
0.234993
0.235302
0.235636
0.236
0.236393
0.236819
0.23728
0.237778
0.238316
0.238897
0.239523
0.240197
0.240923
0.241704
0.242542
0.243443
0.244409
0.245444
0.246552
0.247738
0.249007
0.250361
0.251806
0.253348
0.25499
0.256737
0.258596
0.260572
0.262669
0.264893
0.26725
0.269747
0.272387
0.275179
0.278126
0.281237
0.284516
0.287969
0.291603
0.295423
0.299436
0.303647
0.308062
0.312686
0.317526
0.322586
0.327871
0.333387
0.339138
0.345128
0.351361
0.357842
0.364572
0.371556
0.378795
0.386291
0.394047
0.402062
0.410337
0.418873
0.427667
0.436719
0.446027
0.455587
0.465397
0.475451
0.485745
0.496273
0.507028
0.518004
0.52919
0.54058
0.552162
0.563927
0.575862
0.587955
0.600194
0.612563
0.62505
0.637637
0.65031
0.663051
0.675842
0.688666
0.701503
0.714334
0.72714
0.739899
0.752592
0.765197
0.777692
0.790055
0.802266
0.814301
0.826139
0.837757
0.849133
0.860245
0.871072
0.881592
0.891784
0.901627
0.911101
0.920186
0.928863
0.937114
0.944921
0.952268
0.959137
0.965515
0.971387
0.97674
0.981563
0.985844
0.989574
0.992745
0.995349
0.99738
0.998834
0.999708
